{
 "cells": [
  {
   "cell_type": "code",
   "execution_count": 86,
   "metadata": {},
   "outputs": [],
   "source": [
    "import pandas as pd\n",
    "import numpy as np"
   ]
  },
  {
   "cell_type": "code",
   "execution_count": 87,
   "metadata": {},
   "outputs": [
    {
     "data": {
      "text/html": [
       "<div>\n",
       "<style scoped>\n",
       "    .dataframe tbody tr th:only-of-type {\n",
       "        vertical-align: middle;\n",
       "    }\n",
       "\n",
       "    .dataframe tbody tr th {\n",
       "        vertical-align: top;\n",
       "    }\n",
       "\n",
       "    .dataframe thead th {\n",
       "        text-align: right;\n",
       "    }\n",
       "</style>\n",
       "<table border=\"1\" class=\"dataframe\">\n",
       "  <thead>\n",
       "    <tr style=\"text-align: right;\">\n",
       "      <th></th>\n",
       "      <th>0</th>\n",
       "      <th>1</th>\n",
       "      <th>2</th>\n",
       "      <th>3</th>\n",
       "      <th>4</th>\n",
       "      <th>5</th>\n",
       "      <th>6</th>\n",
       "      <th>7</th>\n",
       "      <th>8</th>\n",
       "      <th>9</th>\n",
       "      <th>10</th>\n",
       "      <th>11</th>\n",
       "      <th>12</th>\n",
       "      <th>13</th>\n",
       "      <th>14</th>\n",
       "      <th>15</th>\n",
       "      <th>16</th>\n",
       "      <th>17</th>\n",
       "      <th>18</th>\n",
       "      <th>19</th>\n",
       "    </tr>\n",
       "  </thead>\n",
       "  <tbody>\n",
       "    <tr>\n",
       "      <th>CS-275B</th>\n",
       "      <td>0.2500</td>\n",
       "      <td>0.7500</td>\n",
       "      <td>0.0000</td>\n",
       "      <td>0.0000</td>\n",
       "      <td>0.0000</td>\n",
       "      <td>0.5000</td>\n",
       "      <td>0.5000</td>\n",
       "      <td>0.0000</td>\n",
       "      <td>0.0000</td>\n",
       "      <td>0.0000</td>\n",
       "      <td>0.5000</td>\n",
       "      <td>0.5000</td>\n",
       "      <td>0.0000</td>\n",
       "      <td>0.0000</td>\n",
       "      <td>0.0000</td>\n",
       "      <td>0.2500</td>\n",
       "      <td>0.7500</td>\n",
       "      <td>0.0000</td>\n",
       "      <td>0.0000</td>\n",
       "      <td>0.0000</td>\n",
       "    </tr>\n",
       "    <tr>\n",
       "      <th>CS-254B</th>\n",
       "      <td>0.4286</td>\n",
       "      <td>0.3571</td>\n",
       "      <td>0.2143</td>\n",
       "      <td>0.0000</td>\n",
       "      <td>0.0000</td>\n",
       "      <td>0.7143</td>\n",
       "      <td>0.1429</td>\n",
       "      <td>0.1429</td>\n",
       "      <td>0.0000</td>\n",
       "      <td>0.0000</td>\n",
       "      <td>0.9286</td>\n",
       "      <td>0.0714</td>\n",
       "      <td>0.0000</td>\n",
       "      <td>0.0000</td>\n",
       "      <td>0.0000</td>\n",
       "      <td>0.5000</td>\n",
       "      <td>0.3571</td>\n",
       "      <td>0.1429</td>\n",
       "      <td>0.0000</td>\n",
       "      <td>0.0000</td>\n",
       "    </tr>\n",
       "    <tr>\n",
       "      <th>CS-372</th>\n",
       "      <td>0.2857</td>\n",
       "      <td>0.4286</td>\n",
       "      <td>0.2857</td>\n",
       "      <td>0.0000</td>\n",
       "      <td>0.0000</td>\n",
       "      <td>0.2857</td>\n",
       "      <td>0.4286</td>\n",
       "      <td>0.2857</td>\n",
       "      <td>0.0000</td>\n",
       "      <td>0.0000</td>\n",
       "      <td>0.2857</td>\n",
       "      <td>0.4286</td>\n",
       "      <td>0.2857</td>\n",
       "      <td>0.0000</td>\n",
       "      <td>0.0000</td>\n",
       "      <td>0.0000</td>\n",
       "      <td>0.6667</td>\n",
       "      <td>0.3333</td>\n",
       "      <td>0.0000</td>\n",
       "      <td>0.0000</td>\n",
       "    </tr>\n",
       "    <tr>\n",
       "      <th>CS-349D</th>\n",
       "      <td>0.3529</td>\n",
       "      <td>0.5882</td>\n",
       "      <td>0.0588</td>\n",
       "      <td>0.0000</td>\n",
       "      <td>0.0000</td>\n",
       "      <td>0.4667</td>\n",
       "      <td>0.4000</td>\n",
       "      <td>0.1333</td>\n",
       "      <td>0.0000</td>\n",
       "      <td>0.0000</td>\n",
       "      <td>0.5000</td>\n",
       "      <td>0.5000</td>\n",
       "      <td>0.0000</td>\n",
       "      <td>0.0000</td>\n",
       "      <td>0.0000</td>\n",
       "      <td>0.3750</td>\n",
       "      <td>0.5000</td>\n",
       "      <td>0.0625</td>\n",
       "      <td>0.0625</td>\n",
       "      <td>0.0000</td>\n",
       "    </tr>\n",
       "    <tr>\n",
       "      <th>CS-155</th>\n",
       "      <td>0.3963</td>\n",
       "      <td>0.4024</td>\n",
       "      <td>0.1707</td>\n",
       "      <td>0.0244</td>\n",
       "      <td>0.0061</td>\n",
       "      <td>0.5686</td>\n",
       "      <td>0.3072</td>\n",
       "      <td>0.1111</td>\n",
       "      <td>0.0131</td>\n",
       "      <td>0.0000</td>\n",
       "      <td>0.6536</td>\n",
       "      <td>0.2941</td>\n",
       "      <td>0.0523</td>\n",
       "      <td>0.0000</td>\n",
       "      <td>0.0000</td>\n",
       "      <td>0.3624</td>\n",
       "      <td>0.3893</td>\n",
       "      <td>0.2148</td>\n",
       "      <td>0.0134</td>\n",
       "      <td>0.0201</td>\n",
       "    </tr>\n",
       "    <tr>\n",
       "      <th>...</th>\n",
       "      <td>...</td>\n",
       "      <td>...</td>\n",
       "      <td>...</td>\n",
       "      <td>...</td>\n",
       "      <td>...</td>\n",
       "      <td>...</td>\n",
       "      <td>...</td>\n",
       "      <td>...</td>\n",
       "      <td>...</td>\n",
       "      <td>...</td>\n",
       "      <td>...</td>\n",
       "      <td>...</td>\n",
       "      <td>...</td>\n",
       "      <td>...</td>\n",
       "      <td>...</td>\n",
       "      <td>...</td>\n",
       "      <td>...</td>\n",
       "      <td>...</td>\n",
       "      <td>...</td>\n",
       "      <td>...</td>\n",
       "    </tr>\n",
       "    <tr>\n",
       "      <th>CS-274</th>\n",
       "      <td>0.3265</td>\n",
       "      <td>0.4694</td>\n",
       "      <td>0.1633</td>\n",
       "      <td>0.0408</td>\n",
       "      <td>0.0000</td>\n",
       "      <td>0.4490</td>\n",
       "      <td>0.3571</td>\n",
       "      <td>0.1633</td>\n",
       "      <td>0.0306</td>\n",
       "      <td>0.0000</td>\n",
       "      <td>0.5816</td>\n",
       "      <td>0.3163</td>\n",
       "      <td>0.0816</td>\n",
       "      <td>0.0102</td>\n",
       "      <td>0.0102</td>\n",
       "      <td>0.2959</td>\n",
       "      <td>0.4694</td>\n",
       "      <td>0.1633</td>\n",
       "      <td>0.0408</td>\n",
       "      <td>0.0306</td>\n",
       "    </tr>\n",
       "    <tr>\n",
       "      <th>CS-193Q</th>\n",
       "      <td>0.3182</td>\n",
       "      <td>0.3636</td>\n",
       "      <td>0.1667</td>\n",
       "      <td>0.0758</td>\n",
       "      <td>0.0758</td>\n",
       "      <td>0.1667</td>\n",
       "      <td>0.3030</td>\n",
       "      <td>0.3182</td>\n",
       "      <td>0.1515</td>\n",
       "      <td>0.0606</td>\n",
       "      <td>0.3030</td>\n",
       "      <td>0.4242</td>\n",
       "      <td>0.1667</td>\n",
       "      <td>0.0758</td>\n",
       "      <td>0.0303</td>\n",
       "      <td>0.1148</td>\n",
       "      <td>0.2623</td>\n",
       "      <td>0.4098</td>\n",
       "      <td>0.1311</td>\n",
       "      <td>0.0820</td>\n",
       "    </tr>\n",
       "    <tr>\n",
       "      <th>CS-337</th>\n",
       "      <td>0.1429</td>\n",
       "      <td>0.4286</td>\n",
       "      <td>0.2857</td>\n",
       "      <td>0.1429</td>\n",
       "      <td>0.0000</td>\n",
       "      <td>0.1429</td>\n",
       "      <td>0.4286</td>\n",
       "      <td>0.2857</td>\n",
       "      <td>0.1429</td>\n",
       "      <td>0.0000</td>\n",
       "      <td>0.0000</td>\n",
       "      <td>0.5714</td>\n",
       "      <td>0.4286</td>\n",
       "      <td>0.0000</td>\n",
       "      <td>0.0000</td>\n",
       "      <td>0.0000</td>\n",
       "      <td>0.2857</td>\n",
       "      <td>0.1429</td>\n",
       "      <td>0.4289</td>\n",
       "      <td>0.1429</td>\n",
       "    </tr>\n",
       "    <tr>\n",
       "      <th>CS-107</th>\n",
       "      <td>0.4195</td>\n",
       "      <td>0.4345</td>\n",
       "      <td>0.1386</td>\n",
       "      <td>0.0075</td>\n",
       "      <td>0.0000</td>\n",
       "      <td>0.7200</td>\n",
       "      <td>0.2280</td>\n",
       "      <td>0.0520</td>\n",
       "      <td>0.0000</td>\n",
       "      <td>0.0000</td>\n",
       "      <td>0.6853</td>\n",
       "      <td>0.2749</td>\n",
       "      <td>0.0319</td>\n",
       "      <td>0.0080</td>\n",
       "      <td>0.0000</td>\n",
       "      <td>0.5992</td>\n",
       "      <td>0.3603</td>\n",
       "      <td>0.0384</td>\n",
       "      <td>0.0000</td>\n",
       "      <td>0.0040</td>\n",
       "    </tr>\n",
       "    <tr>\n",
       "      <th>CS-244</th>\n",
       "      <td>0.2034</td>\n",
       "      <td>0.4237</td>\n",
       "      <td>0.3220</td>\n",
       "      <td>0.0339</td>\n",
       "      <td>0.0169</td>\n",
       "      <td>0.2037</td>\n",
       "      <td>0.4630</td>\n",
       "      <td>0.2778</td>\n",
       "      <td>0.0556</td>\n",
       "      <td>0.0000</td>\n",
       "      <td>0.2642</td>\n",
       "      <td>0.5660</td>\n",
       "      <td>0.1509</td>\n",
       "      <td>0.0189</td>\n",
       "      <td>0.0000</td>\n",
       "      <td>0.1373</td>\n",
       "      <td>0.4902</td>\n",
       "      <td>0.3137</td>\n",
       "      <td>0.0588</td>\n",
       "      <td>0.0000</td>\n",
       "    </tr>\n",
       "  </tbody>\n",
       "</table>\n",
       "<p>167 rows × 20 columns</p>\n",
       "</div>"
      ],
      "text/plain": [
       "             0       1       2       3       4       5       6       7   \\\n",
       "CS-275B  0.2500  0.7500  0.0000  0.0000  0.0000  0.5000  0.5000  0.0000   \n",
       "CS-254B  0.4286  0.3571  0.2143  0.0000  0.0000  0.7143  0.1429  0.1429   \n",
       "CS-372   0.2857  0.4286  0.2857  0.0000  0.0000  0.2857  0.4286  0.2857   \n",
       "CS-349D  0.3529  0.5882  0.0588  0.0000  0.0000  0.4667  0.4000  0.1333   \n",
       "CS-155   0.3963  0.4024  0.1707  0.0244  0.0061  0.5686  0.3072  0.1111   \n",
       "...         ...     ...     ...     ...     ...     ...     ...     ...   \n",
       "CS-274   0.3265  0.4694  0.1633  0.0408  0.0000  0.4490  0.3571  0.1633   \n",
       "CS-193Q  0.3182  0.3636  0.1667  0.0758  0.0758  0.1667  0.3030  0.3182   \n",
       "CS-337   0.1429  0.4286  0.2857  0.1429  0.0000  0.1429  0.4286  0.2857   \n",
       "CS-107   0.4195  0.4345  0.1386  0.0075  0.0000  0.7200  0.2280  0.0520   \n",
       "CS-244   0.2034  0.4237  0.3220  0.0339  0.0169  0.2037  0.4630  0.2778   \n",
       "\n",
       "             8       9       10      11      12      13      14      15  \\\n",
       "CS-275B  0.0000  0.0000  0.5000  0.5000  0.0000  0.0000  0.0000  0.2500   \n",
       "CS-254B  0.0000  0.0000  0.9286  0.0714  0.0000  0.0000  0.0000  0.5000   \n",
       "CS-372   0.0000  0.0000  0.2857  0.4286  0.2857  0.0000  0.0000  0.0000   \n",
       "CS-349D  0.0000  0.0000  0.5000  0.5000  0.0000  0.0000  0.0000  0.3750   \n",
       "CS-155   0.0131  0.0000  0.6536  0.2941  0.0523  0.0000  0.0000  0.3624   \n",
       "...         ...     ...     ...     ...     ...     ...     ...     ...   \n",
       "CS-274   0.0306  0.0000  0.5816  0.3163  0.0816  0.0102  0.0102  0.2959   \n",
       "CS-193Q  0.1515  0.0606  0.3030  0.4242  0.1667  0.0758  0.0303  0.1148   \n",
       "CS-337   0.1429  0.0000  0.0000  0.5714  0.4286  0.0000  0.0000  0.0000   \n",
       "CS-107   0.0000  0.0000  0.6853  0.2749  0.0319  0.0080  0.0000  0.5992   \n",
       "CS-244   0.0556  0.0000  0.2642  0.5660  0.1509  0.0189  0.0000  0.1373   \n",
       "\n",
       "             16      17      18      19  \n",
       "CS-275B  0.7500  0.0000  0.0000  0.0000  \n",
       "CS-254B  0.3571  0.1429  0.0000  0.0000  \n",
       "CS-372   0.6667  0.3333  0.0000  0.0000  \n",
       "CS-349D  0.5000  0.0625  0.0625  0.0000  \n",
       "CS-155   0.3893  0.2148  0.0134  0.0201  \n",
       "...         ...     ...     ...     ...  \n",
       "CS-274   0.4694  0.1633  0.0408  0.0306  \n",
       "CS-193Q  0.2623  0.4098  0.1311  0.0820  \n",
       "CS-337   0.2857  0.1429  0.4289  0.1429  \n",
       "CS-107   0.3603  0.0384  0.0000  0.0040  \n",
       "CS-244   0.4902  0.3137  0.0588  0.0000  \n",
       "\n",
       "[167 rows x 20 columns]"
      ]
     },
     "execution_count": 87,
     "metadata": {},
     "output_type": "execute_result"
    }
   ],
   "source": [
    "df = pd.read_csv(\"./prob-full-matrix\", index_col=0, names=np.arange(0, 20, 1, dtype=int))\n",
    "df"
   ]
  },
  {
   "cell_type": "code",
   "execution_count": 88,
   "metadata": {},
   "outputs": [
    {
     "name": "stdout",
     "output_type": "stream",
     "text": [
      "[[-3.21419720e-01  2.71063329e-01 -1.93091124e-01  1.17354650e-01\n",
      "   3.89063138e-01 -3.81271798e-01 -4.97751093e-01 -1.92280639e-02\n",
      "   1.42611026e-01 -4.14535833e-02  1.85396477e-01  8.56797384e-02\n",
      "   4.95251255e-02  5.85354110e-02  4.97894660e-02  6.94217211e-02\n",
      "  -8.22338436e-03  1.38573638e-01  7.86480912e-02  3.53399331e-01]\n",
      " [-3.31686608e-01 -1.99513702e-01  2.43083128e-01 -8.64458688e-02\n",
      "  -4.53926731e-01  3.23562250e-01 -2.39809107e-01 -8.82100138e-02\n",
      "  -1.69308999e-01 -4.25923584e-01  1.01226197e-01  6.52874664e-02\n",
      "  -1.41682846e-02  1.61629468e-01  2.54950092e-02  7.69795421e-02\n",
      "  -1.12117227e-02  1.38115354e-01  7.82206601e-02  3.53239624e-01]\n",
      " [-1.65787066e-01 -2.85338155e-01 -2.37586919e-01 -1.27172563e-01\n",
      "   8.66545752e-03 -3.87226141e-02  5.47079729e-01 -1.80341045e-02\n",
      "   1.09647618e-01  3.32331798e-01  2.33344539e-01  3.41783404e-01\n",
      "   5.93985934e-02  2.60088271e-01  2.66422917e-02  4.55465643e-02\n",
      "   5.47365603e-03  1.37027720e-01  7.85460163e-02  3.53006177e-01]\n",
      " [-3.06382367e-02 -6.60035710e-02 -1.02101293e-01 -5.28556292e-03\n",
      "  -2.26955614e-03 -3.83801608e-02  6.81564886e-02 -1.28423070e-01\n",
      "  -1.50046495e-01  1.91413641e-01 -5.55021750e-01 -3.57174225e-01\n",
      "  -8.69085473e-04 -2.16211142e-01 -8.02612571e-02  5.10645573e-01\n",
      "  -5.05282983e-02  1.39040765e-01  7.82351968e-02  3.53419808e-01]\n",
      " [-1.08726207e-02 -2.43194866e-02 -4.01460639e-02  7.25475076e-03\n",
      "  -5.13274001e-03 -1.91177680e-02  3.76806287e-02 -2.09807299e-02\n",
      "  -3.55911213e-02  1.38343794e-03 -2.68239083e-01  5.50246642e-03\n",
      "  -6.02740641e-02 -3.04580864e-01 -2.55085301e-01 -7.77904466e-01\n",
      "   7.50377096e-02  1.36979592e-01  7.85544937e-02  3.53485251e-01]\n",
      " [-3.82778262e-01  2.85668224e-01 -1.03188597e-01  4.46105808e-01\n",
      "  -4.69107501e-01 -2.46272789e-01  2.58556329e-01  6.47676809e-02\n",
      "  -1.00462925e-03 -2.00427313e-03  5.00292233e-02 -1.48488310e-02\n",
      "  -5.32762287e-02 -1.84560688e-01 -5.36266627e-03  9.13178824e-03\n",
      "  -1.42575262e-01 -3.85871745e-01  3.86158507e-02  5.87999998e-04]\n",
      " [-2.85107161e-01 -2.43760387e-01  1.77044194e-01 -2.24499726e-01\n",
      "   1.76739169e-02  2.50291873e-01 -2.75427190e-01  1.50139353e-02\n",
      "   4.92063424e-01  3.89121303e-01  1.45433667e-03 -1.34760978e-02\n",
      "   6.40405113e-03 -2.72693928e-01 -3.48462233e-02 -1.45419162e-03\n",
      "  -1.39591949e-01 -3.84974625e-01  3.83328551e-02  6.28421088e-04]\n",
      " [-1.50811504e-01 -2.54011712e-01 -2.26978323e-01 -2.54953161e-01\n",
      "   3.83545323e-01 -1.80624377e-02  1.40431929e-01 -5.02383796e-02\n",
      "  -4.25512360e-01 -3.49919757e-01  1.94418608e-01 -4.41624591e-02\n",
      "  -3.72774045e-02 -3.13020578e-01  1.63243294e-02  1.58732381e-02\n",
      "  -1.82813990e-01 -3.85309796e-01  3.88147936e-02  8.61920861e-04]\n",
      " [-3.57572832e-02 -7.67594743e-02 -1.39122752e-01 -4.36692860e-02\n",
      "  -7.22846184e-03 -8.68360486e-02 -1.30849680e-01 -2.11173350e-01\n",
      "  -1.06482890e-01  4.90785412e-02 -4.68161723e-01  3.59521216e-02\n",
      "   9.12188575e-02  5.20907749e-01  4.10169572e-01 -2.41823195e-01\n",
      "  -1.04239262e-01 -3.86500206e-01  3.75733846e-02  3.57679086e-04]\n",
      " [-5.77585673e-03 -1.51888689e-02 -3.78498987e-02 -1.76931858e-02\n",
      "   1.22302466e-02 -5.28771703e-02 -8.03727304e-02 -9.25016190e-02\n",
      "  -6.15126315e-02 -2.95603449e-02 -8.13414623e-02  1.77296904e-01\n",
      "   2.78436990e-02  2.04129767e-01 -6.19065645e-01  1.47686777e-01\n",
      "   5.83503599e-01 -3.84593072e-01  3.78661560e-02  3.37609998e-04]\n",
      " [-4.34544251e-01  3.91603080e-01 -1.00921752e-01  2.71427890e-02\n",
      "   2.35824841e-01  5.35562483e-01  1.19696797e-01 -1.73286839e-01\n",
      "  -1.64505722e-01  1.66529027e-01 -4.26951405e-02 -5.17021900e-02\n",
      "  -1.49218779e-01  7.69217820e-02  2.13236987e-02 -5.97416152e-02\n",
      "   1.37046739e-01  1.53650653e-01  2.45878965e-01 -2.56430120e-01]\n",
      " [-2.81191035e-01 -3.38921169e-01  2.21896926e-01  1.05187778e-02\n",
      "  -6.14231770e-03 -3.24284667e-01 -1.25774731e-01  4.86263184e-01\n",
      "  -3.48931240e-01  2.51977910e-01 -6.36450773e-02 -2.23319730e-02\n",
      "  -1.78191771e-01  5.12294992e-02  4.77126740e-02 -4.22615367e-02\n",
      "   1.45030474e-01  1.53919681e-01  2.46112771e-01 -2.56348424e-01]\n",
      " [-1.09229341e-01 -2.60763045e-01 -2.79452688e-01 -9.26609084e-02\n",
      "  -1.09686283e-01 -2.22061070e-01  7.40353939e-02 -2.61262642e-01\n",
      "   4.43228124e-01 -2.93398414e-01  2.64935859e-02 -3.86111205e-01\n",
      "  -2.92099787e-01  7.76873942e-02 -9.76547158e-03 -4.74190795e-02\n",
      "   1.48964424e-01  1.53803614e-01  2.46304192e-01 -2.56474755e-01]\n",
      " [-2.82247090e-02 -7.63490089e-02 -1.36682594e-01 -2.84473056e-02\n",
      "  -1.64358094e-01 -7.59459560e-02 -8.10387546e-02 -2.26854943e-01\n",
      "  -1.53496793e-02 -3.80165117e-02 -1.05158417e-01  3.76920767e-01\n",
      "   5.41240251e-01 -4.08108137e-01  2.35877600e-01  5.40960111e-02\n",
      "   2.44815884e-01  1.55365173e-01  2.45809300e-01 -2.56338303e-01]\n",
      " [-7.20138369e-03 -1.97812736e-02 -3.48408639e-02 -1.07539549e-02\n",
      "  -1.91128467e-02 -6.71178344e-02 -7.24277323e-02 -1.00114875e-01\n",
      "  -1.78971739e-02 -2.92678767e-02 -1.18855025e-01  2.24324580e-01\n",
      "   1.11960081e-01  1.61021119e-01 -5.29077190e-01  1.97329694e-02\n",
      "  -6.66374250e-01  1.52178505e-01  2.47087932e-01 -2.55779553e-01]\n",
      " [-2.89824198e-01  3.32161535e-01 -7.85657060e-02 -6.65353479e-01\n",
      "  -1.52212615e-01 -1.67551767e-01  1.06030060e-01  2.60093840e-01\n",
      "   6.46364279e-02 -1.07502059e-01 -1.81740026e-01 -2.57409769e-02\n",
      "   1.48086552e-01  3.19351369e-02 -6.28349227e-02 -1.26191675e-02\n",
      "   1.18656975e-02  9.37010313e-02 -3.62969365e-01 -9.75622318e-02]\n",
      " [-3.28955490e-01 -1.50477239e-01  5.46118907e-01  2.03306523e-01\n",
      "   2.85631446e-01 -1.94816891e-01  2.48382576e-01 -3.69547271e-01\n",
      "   5.88612369e-02 -9.28176703e-02 -9.00019845e-02 -4.25742508e-02\n",
      "   1.87892199e-01  2.82281271e-02 -4.44326032e-02 -3.81641907e-02\n",
      "   1.70274846e-02  9.32181256e-02 -3.62977271e-01 -9.75276364e-02]\n",
      " [-1.74685282e-01 -3.05500292e-01 -4.12172776e-01  3.88355994e-01\n",
      "   1.17226877e-01  2.99633078e-01 -5.54864598e-02  3.95213325e-01\n",
      "   1.49756276e-01 -1.97073807e-01 -2.22524041e-01  4.85235069e-02\n",
      "   1.53765795e-01  3.70791735e-02 -6.29573354e-02  1.59715725e-02\n",
      "   9.49188340e-03  9.39351059e-02 -3.63126040e-01 -9.74934743e-02]\n",
      " [-5.12299950e-02 -1.33097449e-01 -2.78801953e-01  4.70099036e-03\n",
      "  -2.34434228e-01 -2.35751418e-02 -2.47693727e-01 -3.00236991e-01\n",
      "  -3.11043344e-01  3.86505297e-01  3.34807746e-01 -3.35701316e-01\n",
      "   1.88063983e-01  3.91817356e-02 -1.35658493e-01 -1.36466089e-01\n",
      "  -1.24357204e-02  9.31653832e-02 -3.62957657e-01 -9.73149932e-02]\n",
      " [-1.56159752e-02 -4.71661252e-02 -1.06744623e-01 -2.53040038e-02\n",
      "  -7.92095516e-02 -6.86137931e-02 -1.36205402e-01 -2.60234745e-01\n",
      "  -6.51385301e-02  6.80727752e-02 -1.42589112e-01  4.96717445e-01\n",
      "  -6.44792598e-01 -1.79117112e-01  7.05914637e-02  9.61532716e-02\n",
      "  -1.85774560e-02  9.36148426e-02 -3.62844009e-01 -9.73153106e-02]]\n"
     ]
    }
   ],
   "source": [
    "PROB_MATRIX = df.to_numpy()\n",
    "\n",
    "for i in range(PROB_MATRIX.shape[1]):\n",
    "    mean = np.sum(PROB_MATRIX[:, i]) / PROB_MATRIX.shape[1]\n",
    "\n",
    "    PROB_MATRIX[:, i] = PROB_MATRIX[:, i] - mean\n",
    "\n",
    "\n",
    "\n",
    "COV_MATRIX = PROB_MATRIX.T @ PROB_MATRIX\n",
    "\n",
    "U, S, V = np.linalg.svd(COV_MATRIX)\n",
    "\n",
    "print(U)"
   ]
  },
  {
   "cell_type": "code",
   "execution_count": 89,
   "metadata": {},
   "outputs": [
    {
     "name": "stdout",
     "output_type": "stream",
     "text": [
      "[1.21841989e+04 2.57948719e+01 5.05693250e+00 3.27873517e+00\n",
      " 2.01031634e+00 1.74597413e+00 1.37682259e+00 1.34499676e+00\n",
      " 8.32011383e-01 7.56055032e-01 5.43483599e-01 3.76481227e-01\n",
      " 2.17744103e-01 1.37373275e-01 9.81190793e-02 5.54943363e-02\n",
      " 1.83647627e-02 5.92283949e-05 1.24588477e-05 8.55994915e-06]\n"
     ]
    }
   ],
   "source": [
    "print(S)"
   ]
  },
  {
   "cell_type": "code",
   "execution_count": 90,
   "metadata": {},
   "outputs": [
    {
     "data": {
      "text/plain": [
       "(20,)"
      ]
     },
     "execution_count": 90,
     "metadata": {},
     "output_type": "execute_result"
    }
   ],
   "source": [
    "first_pc = U[:, 1]\n",
    "\n",
    "first_pc.shape"
   ]
  },
  {
   "cell_type": "code",
   "execution_count": 91,
   "metadata": {},
   "outputs": [
    {
     "data": {
      "text/plain": [
       "array([[ 0.07347533, -0.05408085, -0.07734471, -0.01789115, -0.00659212,\n",
       "         0.07743418, -0.0660745 , -0.06885326, -0.02080668, -0.00411715,\n",
       "         0.10614923, -0.0918691 , -0.0706833 , -0.02069542, -0.00536198,\n",
       "         0.09003681, -0.04078886, -0.08280993, -0.03607784, -0.01278501],\n",
       "       [-0.05408085,  0.03980572,  0.05692887,  0.01316862,  0.00485207,\n",
       "        -0.05699472,  0.04863354,  0.05067882,  0.01531457,  0.00303039,\n",
       "        -0.07813018,  0.06761942,  0.0520258 ,  0.01523267,  0.00394664,\n",
       "        -0.06627078,  0.03002227,  0.06095149,  0.02655476,  0.00941029],\n",
       "       [-0.07734471,  0.05692887,  0.08141786,  0.01883334,  0.00693928,\n",
       "        -0.08151204,  0.06955414,  0.07247923,  0.02190241,  0.00433396,\n",
       "        -0.1117393 ,  0.09670714,  0.07440565,  0.02178529,  0.00564435,\n",
       "        -0.09477836,  0.0429369 ,  0.08717089,  0.03797778,  0.0134583 ],\n",
       "       [-0.01789115,  0.01316862,  0.01883334,  0.00435647,  0.00160517,\n",
       "        -0.01885512,  0.01608906,  0.01676568,  0.0050664 ,  0.00100252,\n",
       "        -0.0258472 ,  0.02237001,  0.01721129,  0.00503931,  0.00130563,\n",
       "        -0.02192385,  0.00993204,  0.02016411,  0.00878491,  0.00311313],\n",
       "       [-0.00659212,  0.00485207,  0.00693928,  0.00160517,  0.00059144,\n",
       "        -0.0069473 ,  0.00592813,  0.00617743,  0.00186675,  0.00036939,\n",
       "        -0.00952359,  0.00824239,  0.00634162,  0.00185677,  0.00048107,\n",
       "        -0.008078  ,  0.00365953,  0.00742961,  0.00323686,  0.00114706],\n",
       "       [ 0.07743418, -0.05699472, -0.08151204, -0.01885512, -0.0069473 ,\n",
       "         0.08160633, -0.0696346 , -0.07256307, -0.02192774, -0.00433898,\n",
       "         0.11186856, -0.09681901, -0.07449172, -0.02181049, -0.00565088,\n",
       "         0.094888  , -0.04298657, -0.08727173, -0.03802171, -0.01347386],\n",
       "       [-0.0660745 ,  0.04863354,  0.06955414,  0.01608906,  0.00592813,\n",
       "        -0.0696346 ,  0.05941913,  0.06191799,  0.01871092,  0.00370244,\n",
       "        -0.09545732,  0.08261556,  0.0635637 ,  0.01861086,  0.00482189,\n",
       "        -0.08096782,  0.03668039,  0.07446887,  0.03244389,  0.01149723],\n",
       "       [-0.06885326,  0.05067882,  0.07247923,  0.01676568,  0.00617743,\n",
       "        -0.07256307,  0.06191799,  0.06452195,  0.01949781,  0.00385815,\n",
       "        -0.09947177,  0.08608995,  0.06623687,  0.01939354,  0.00502468,\n",
       "        -0.08437292,  0.03822298,  0.07760065,  0.03380831,  0.01198075],\n",
       "       [-0.02080668,  0.01531457,  0.02190241,  0.0050664 ,  0.00186675,\n",
       "        -0.02192774,  0.01871092,  0.01949781,  0.00589202,  0.00116589,\n",
       "        -0.03005925,  0.02601541,  0.02001603,  0.00586051,  0.0015184 ,\n",
       "        -0.02549654,  0.01155055,  0.02345004,  0.01021649,  0.00362045],\n",
       "       [-0.00411715,  0.00303039,  0.00433396,  0.00100252,  0.00036939,\n",
       "        -0.00433898,  0.00370244,  0.00385815,  0.00116589,  0.0002307 ,\n",
       "        -0.00594801,  0.00514783,  0.0039607 ,  0.00115966,  0.00030046,\n",
       "        -0.00504516,  0.00228558,  0.0046402 ,  0.0020216 ,  0.0007164 ],\n",
       "       [ 0.10614923, -0.07813018, -0.1117393 , -0.0258472 , -0.00952359,\n",
       "         0.11186856, -0.09545732, -0.09947177, -0.03005925, -0.00594801,\n",
       "         0.15335297, -0.13272257, -0.10211561, -0.02989851, -0.00774641,\n",
       "         0.13007548, -0.05892735, -0.11963486, -0.05212137, -0.0184704 ],\n",
       "       [-0.0918691 ,  0.06761942,  0.09670714,  0.02237001,  0.00824239,\n",
       "        -0.09681901,  0.08261556,  0.08608995,  0.02601541,  0.00514783,\n",
       "        -0.13272257,  0.11486756,  0.08837812,  0.0258763 ,  0.00670429,\n",
       "        -0.11257658,  0.05099992,  0.10354052,  0.04510954,  0.0159856 ],\n",
       "       [-0.0706833 ,  0.0520258 ,  0.07440565,  0.01721129,  0.00634162,\n",
       "        -0.07449172,  0.0635637 ,  0.06623687,  0.02001603,  0.0039607 ,\n",
       "        -0.10211561,  0.08837812,  0.06799737,  0.019909  ,  0.00515823,\n",
       "        -0.08661545,  0.0392389 ,  0.07966319,  0.0347069 ,  0.01229918],\n",
       "       [-0.02069542,  0.01523267,  0.02178529,  0.00503931,  0.00185677,\n",
       "        -0.02181049,  0.01861086,  0.01939354,  0.00586051,  0.00115966,\n",
       "        -0.02989851,  0.0258763 ,  0.019909  ,  0.00582917,  0.00151028,\n",
       "        -0.0253602 ,  0.01148879,  0.02332464,  0.01016186,  0.00360109],\n",
       "       [-0.00536198,  0.00394664,  0.00564435,  0.00130563,  0.00048107,\n",
       "        -0.00565088,  0.00482189,  0.00502468,  0.0015184 ,  0.00030046,\n",
       "        -0.00774641,  0.00670429,  0.00515823,  0.00151028,  0.0003913 ,\n",
       "        -0.00657058,  0.00297663,  0.00604318,  0.00263284,  0.00093301],\n",
       "       [ 0.09003681, -0.06627078, -0.09477836, -0.02192385, -0.008078  ,\n",
       "         0.094888  , -0.08096782, -0.08437292, -0.02549654, -0.00504516,\n",
       "         0.13007548, -0.11257658, -0.08661545, -0.0253602 , -0.00657058,\n",
       "         0.11033129, -0.04998275, -0.10147545, -0.04420985, -0.01566677],\n",
       "       [-0.04078886,  0.03002227,  0.0429369 ,  0.00993204,  0.00365953,\n",
       "        -0.04298657,  0.03668039,  0.03822298,  0.01155055,  0.00228558,\n",
       "        -0.05892735,  0.05099992,  0.0392389 ,  0.01148879,  0.00297663,\n",
       "        -0.04998275,  0.0226434 ,  0.04597084,  0.02002814,  0.00709743],\n",
       "       [-0.08280993,  0.06095149,  0.08717089,  0.02016411,  0.00742961,\n",
       "        -0.08727173,  0.07446887,  0.07760065,  0.02345004,  0.0046402 ,\n",
       "        -0.11963486,  0.10354052,  0.07966319,  0.02332464,  0.00604318,\n",
       "        -0.10147545,  0.04597084,  0.09333043,  0.04066131,  0.01440927],\n",
       "       [-0.03607784,  0.02655476,  0.03797778,  0.00878491,  0.00323686,\n",
       "        -0.03802171,  0.03244389,  0.03380831,  0.01021649,  0.0020216 ,\n",
       "        -0.05212137,  0.04510954,  0.0347069 ,  0.01016186,  0.00263284,\n",
       "        -0.04420985,  0.02002814,  0.04066131,  0.01771493,  0.00627769],\n",
       "       [-0.01278501,  0.00941029,  0.0134583 ,  0.00311313,  0.00114706,\n",
       "        -0.01347386,  0.01149723,  0.01198075,  0.00362045,  0.0007164 ,\n",
       "        -0.0184704 ,  0.0159856 ,  0.01229918,  0.00360109,  0.00093301,\n",
       "        -0.01566677,  0.00709743,  0.01440927,  0.00627769,  0.00222464]])"
      ]
     },
     "execution_count": 91,
     "metadata": {},
     "output_type": "execute_result"
    }
   ],
   "source": [
    "proj_matrix = first_pc.reshape(20, 1) @ first_pc.reshape(1, 20)\n",
    "\n",
    "proj_matrix"
   ]
  }
 ],
 "metadata": {
  "kernelspec": {
   "display_name": "trail",
   "language": "python",
   "name": "python3"
  },
  "language_info": {
   "codemirror_mode": {
    "name": "ipython",
    "version": 3
   },
   "file_extension": ".py",
   "mimetype": "text/x-python",
   "name": "python",
   "nbconvert_exporter": "python",
   "pygments_lexer": "ipython3",
   "version": "3.12.0"
  }
 },
 "nbformat": 4,
 "nbformat_minor": 2
}
